[gd_scene load_steps=31 format=3 uid="uid://ojkg1br2vbk0"]

[ext_resource type="Script" uid="uid://xn0hjmvydx74" path="res://Script/player.gd" id="1_6t5aa"]
[ext_resource type="Script" uid="uid://ffhgjc7pnh2g" path="res://Script/camera_controller.gd" id="2_6t5aa"]
[ext_resource type="PackedScene" path="res://Assets/Models/Rabid (FINAL 2).glb" id="3_6t5aa"]
[ext_resource type="PackedScene" path="res://Scene/Gun.tscn" id="4_x3wgy"]
[ext_resource type="PackedScene" path="res://Scene/Grenade.tscn" id="5_3smsa"]
[ext_resource type="PackedScene" path="res://Scene/Shovel.tscn" id="6_8erm5"]

[sub_resource type="CapsuleShape3D" id="CapsuleShape3D_b6fju"]
radius = 0.5839844
height = 3.3

[sub_resource type="SphereShape3D" id="SphereShape3D_b6fju"]
radius = 0.1

[sub_resource type="AnimationNodeAnimation" id="AnimationNodeAnimation_vgqql"]
animation = &"Dash"

[sub_resource type="AnimationNodeAnimation" id="AnimationNodeAnimation_fkybt"]
animation = &"Jump"

[sub_resource type="AnimationNodeAnimation" id="AnimationNodeAnimation_x3wgy"]
animation = &"Run"

[sub_resource type="AnimationNodeAnimation" id="AnimationNodeAnimation_3smsa"]
animation = &"Shoot"

[sub_resource type="AnimationNodeAnimation" id="AnimationNodeAnimation_8erm5"]
animation = &"Throw Grenade"

[sub_resource type="AnimationNodeAnimation" id="AnimationNodeAnimation_6t5aa"]
animation = &"idle"

[sub_resource type="AnimationNodeStateMachineTransition" id="AnimationNodeStateMachineTransition_3smsa"]
advance_mode = 2

[sub_resource type="AnimationNodeStateMachineTransition" id="AnimationNodeStateMachineTransition_8erm5"]
xfade_time = 0.1
advance_mode = 2
advance_expression = "velocity.length() > 0"

[sub_resource type="AnimationNodeStateMachineTransition" id="AnimationNodeStateMachineTransition_f1ek2"]
xfade_time = 0.1
advance_mode = 2
advance_expression = "velocity.length() == 0"

[sub_resource type="AnimationNodeStateMachineTransition" id="AnimationNodeStateMachineTransition_6t5aa"]
xfade_time = 0.1
advance_mode = 2
advance_expression = "not is_on_floor()"

[sub_resource type="AnimationNodeStateMachineTransition" id="AnimationNodeStateMachineTransition_vgqql"]
xfade_time = 0.1
advance_mode = 2
advance_expression = "is_on_floor() and velocity.length () == 0"

[sub_resource type="AnimationNodeStateMachineTransition" id="AnimationNodeStateMachineTransition_fkybt"]
xfade_time = 0.1
advance_mode = 2
advance_expression = "is_on_floor() and velocity.length () > 0"

[sub_resource type="AnimationNodeStateMachineTransition" id="AnimationNodeStateMachineTransition_x3wgy"]
xfade_time = 0.1
advance_mode = 2
advance_expression = "not is_on_floor()"

[sub_resource type="AnimationNodeStateMachineTransition" id="AnimationNodeStateMachineTransition_tx1dd"]
advance_mode = 2
advance_expression = "velocity.length() > 10"

[sub_resource type="AnimationNodeStateMachineTransition" id="AnimationNodeStateMachineTransition_gymyn"]
advance_mode = 2
advance_expression = "velocity.length() < 10"

[sub_resource type="AnimationNodeStateMachineTransition" id="AnimationNodeStateMachineTransition_pu2lt"]
advance_mode = 2
advance_expression = "is_on_floor() and velocity.length () > 10"

[sub_resource type="AnimationNodeStateMachineTransition" id="AnimationNodeStateMachineTransition_ukyrk"]
advance_mode = 2
advance_expression = "not is_on_floor()"

[sub_resource type="AnimationNodeStateMachineTransition" id="AnimationNodeStateMachineTransition_7dp3o"]
advance_mode = 2
advance_condition = &"is_shooting"
advance_expression = "is_shooting()"

[sub_resource type="AnimationNodeStateMachineTransition" id="AnimationNodeStateMachineTransition_fd4e3"]
advance_mode = 2
advance_condition = &"idle"
advance_expression = "not is_shooting()"

[sub_resource type="AnimationNodeStateMachineTransition" id="AnimationNodeStateMachineTransition_h4iuc"]
advance_mode = 2
advance_condition = &"run"
advance_expression = "is_shooting()"

[sub_resource type="AnimationNodeStateMachineTransition" id="AnimationNodeStateMachineTransition_qqcod"]
advance_mode = 2
advance_condition = &"is_shooting"
advance_expression = "not is_shooting()"

[sub_resource type="AnimationNodeStateMachine" id="AnimationNodeStateMachine_vgqql"]
states/Dash/node = SubResource("AnimationNodeAnimation_vgqql")
states/Dash/position = Vector2(677, 100)
states/Jump/node = SubResource("AnimationNodeAnimation_fkybt")
states/Jump/position = Vector2(484, 293)
states/Run/node = SubResource("AnimationNodeAnimation_x3wgy")
states/Run/position = Vector2(576, 100)
states/Shoot/node = SubResource("AnimationNodeAnimation_3smsa")
states/Shoot/position = Vector2(457, -31)
"states/Throw Grenade/node" = SubResource("AnimationNodeAnimation_8erm5")
"states/Throw Grenade/position" = Vector2(880, 7)
states/idle/node = SubResource("AnimationNodeAnimation_6t5aa")
states/idle/position = Vector2(353, 100)
transitions = ["Start", "idle", SubResource("AnimationNodeStateMachineTransition_3smsa"), "idle", "Run", SubResource("AnimationNodeStateMachineTransition_8erm5"), "Run", "idle", SubResource("AnimationNodeStateMachineTransition_f1ek2"), "idle", "Jump", SubResource("AnimationNodeStateMachineTransition_6t5aa"), "Jump", "idle", SubResource("AnimationNodeStateMachineTransition_vgqql"), "Jump", "Run", SubResource("AnimationNodeStateMachineTransition_fkybt"), "Run", "Jump", SubResource("AnimationNodeStateMachineTransition_x3wgy"), "Run", "Dash", SubResource("AnimationNodeStateMachineTransition_tx1dd"), "Dash", "Run", SubResource("AnimationNodeStateMachineTransition_gymyn"), "Jump", "Dash", SubResource("AnimationNodeStateMachineTransition_pu2lt"), "Dash", "Jump", SubResource("AnimationNodeStateMachineTransition_ukyrk"), "idle", "Shoot", SubResource("AnimationNodeStateMachineTransition_7dp3o"), "Shoot", "idle", SubResource("AnimationNodeStateMachineTransition_fd4e3"), "Run", "Shoot", SubResource("AnimationNodeStateMachineTransition_h4iuc"), "Shoot", "Run", SubResource("AnimationNodeStateMachineTransition_qqcod")]
graph_offset = Vector2(-3, -84)

[node name="Player" type="CharacterBody3D" node_paths=PackedStringArray("camera", "model", "animation_tree", "gun_model", "grenade_model")]
script = ExtResource("1_6t5aa")
speed = null
jump_velocity = null
camera = NodePath("SpringArm3D/Camera3D")
model = NodePath("Rabid (FINAL 2)")
animation_tree = NodePath("Rabid (FINAL 2)/AnimationPlayer/AnimationTree")
gun_model = NodePath("Rabid (FINAL 2)/Armature_001/Skeleton3D/RightHandAttachment/Gun")
grenade_model = NodePath("Rabid (FINAL 2)/Armature_001/Skeleton3D/LeftHandAttachment/Grenade")

[node name="CollisionShape3D" type="CollisionShape3D" parent="."]
transform = Transform3D(1, 0, 0, 0, 1, 0, 0, 0, 1, 0, 0.6386531, 0)
shape = SubResource("CapsuleShape3D_b6fju")

[node name="SpringArm3D" type="SpringArm3D" parent="."]
transform = Transform3D(1, 0, 0, 0, 1, 0, 0, 0, 1, 0, 0.971219, 0)
shape = SubResource("SphereShape3D_b6fju")
spring_length = 5.0
script = ExtResource("2_6t5aa")

[node name="Camera3D" type="Camera3D" parent="SpringArm3D"]
fov = 60.0
size = 5.0

[node name="Rabid (FINAL 2)" parent="." instance=ExtResource("3_6t5aa")]
transform = Transform3D(1, 0, 0, 0, 1, 0, 0, 0, 1, 0, -0.9199089, 0)

[node name="Skeleton3D" parent="Rabid (FINAL 2)/Armature_001" index="0"]
bones/0/position = Vector3(1.61892e-18, 0.62902445, -0.041790847)
bones/0/rotation = Quaternion(0.005797819, 4.799599e-24, -1.2873678e-18, 0.9999832)
bones/1/rotation = Quaternion(-0.038535476, -8.657249e-05, -0.0022449447, 0.99925476)
bones/2/rotation = Quaternion(0.053523596, 0.003076879, -0.02556088, 0.99823475)
bones/3/position = Vector3(-0.24255474, 1.1011194, -0.0061287847)
bones/3/rotation = Quaternion(-0.07072072, 0.00053418876, 0.021046486, 0.99727404)
bones/4/position = Vector3(0.29179165, 0.39892906, -0.00046257576)
bones/4/rotation = Quaternion(-0.13795069, -0.1605768, 0.945223, -0.24847212)
bones/5/position = Vector3(-0.30691782, 0.41598168, -0.0021435255)
bones/5/rotation = Quaternion(-0.020937528, -0.08324004, 0.9541164, 0.28687042)
bones/5/scale = Vector3(0.9983203, 0.9983191, 0.99831903)
bones/6/rotation = Quaternion(0.7071037, 0.0033670387, 0.7070939, -0.0033670848)
bones/7/position = Vector3(0.0014824027, 0.1975764, -0.17326964)
bones/7/rotation = Quaternion(0.061734043, 0.9980649, -0.0074392785, -0.00047883907)
bones/7/scale = Vector3(1, 0.99999994, 0.99999994)
bones/8/position = Vector3(0.003333111, 0.18332192, 0.16531019)
bones/8/rotation = Quaternion(-0.011189993, -0.00012991123, 0.080184914, 0.9967172)
bones/8/scale = Vector3(1, 0.9999999, 0.99999994)

[node name="Bone" parent="Rabid (FINAL 2)/Armature_001/Skeleton3D" index="0"]
transform = Transform3D(-0.83846366, 0.5140264, -0.18099058, -0.42144242, -0.82217306, -0.38264668, -0.3454965, -0.24455786, 0.90599334, 0.29179165, 1.027932, -0.037627634)

[node name="Hand_R" parent="Rabid (FINAL 2)/Armature_001/Skeleton3D" index="1"]
transform = Transform3D(-0.83313227, -0.5430156, -0.087564446, 0.54984856, -0.8181391, -0.15797737, 0.014168112, -0.18006569, 0.9818434, -0.30691782, 1.045003, -0.039110735)

[node name="Leg_R" parent="Rabid (FINAL 2)/Armature_001/Skeleton3D" index="2"]
transform = Transform3D(0.0011971534, -0.0054567615, -0.9999845, -0.11171496, -0.993726, 0.0052888626, -0.9937395, 0.1117069, -0.0017991842, -0.17138018, 0.42980307, -0.04261617)

[node name="Leg_L" parent="Rabid (FINAL 2)/Armature_001/Skeleton3D" index="3"]
transform = Transform3D(4.877802e-07, -0.012930024, 0.9999163, -0.17128918, -0.9851381, -0.01273884, 0.98522073, -0.17127487, -0.0022153147, 0.16704859, 0.44725877, -0.040567636)

[node name="Hip" parent="Rabid (FINAL 2)/Armature_001/Skeleton3D" index="4"]
transform = Transform3D(1.388788e-05, 0.009523379, 0.99995464, -0.011595441, -0.9998872, 0.009522901, 0.99993265, -0.011595046, 9.648126e-05, 1.6189199e-18, 0.62902445, -0.041790847)

[node name="Torso" parent="Rabid (FINAL 2)/Armature_001/Skeleton3D" index="5"]
transform = Transform3D(1, 2.5746923e-18, -1.4918251e-20, -2.5746923e-18, 0.99993277, -0.011595443, -1.493745e-20, 0.011595443, 0.99993277, 1.61892e-18, 0.62902445, -0.041790847)

[node name="RightHandAttachment" type="BoneAttachment3D" parent="Rabid (FINAL 2)/Armature_001/Skeleton3D" index="7"]
transform = Transform3D(-0.83313227, -0.5430156, -0.087564446, 0.54984856, -0.8181391, -0.15797737, 0.014168112, -0.18006569, 0.9818434, -0.30691782, 1.045003, -0.039110735)
bone_name = "Hand.R"
bone_idx = 5

[node name="RightHandContainer" type="Node3D" parent="Rabid (FINAL 2)/Armature_001/Skeleton3D/RightHandAttachment"]

[node name="Gun" parent="Rabid (FINAL 2)/Armature_001/Skeleton3D/RightHandAttachment" instance=ExtResource("4_x3wgy")]
transform = Transform3D(0.20723814, 0.6326301, -0.7462115, -0.9623189, -0.0054449365, -0.2718714, -0.17605713, 0.7744351, 0.60766345, -0.025303334, 0.7964385, 0.1432237)

[node name="LeftHandAttachment" type="BoneAttachment3D" parent="Rabid (FINAL 2)/Armature_001/Skeleton3D" index="8"]
transform = Transform3D(-0.83846366, 0.5140264, -0.18099058, -0.42144242, -0.82217306, -0.38264668, -0.3454965, -0.24455786, 0.90599334, 0.29179165, 1.027932, -0.037627634)
bone_name = "Bone"
bone_idx = 4

[node name="LeftHandContainer" type="Node3D" parent="Rabid (FINAL 2)/Armature_001/Skeleton3D/LeftHandAttachment"]
transform = Transform3D(1, 1.2878445e-08, 0, -1.6822014e-08, 1, 0, -2.3283064e-10, 0, 1, 0, 0, 0)

[node name="Grenade" parent="Rabid (FINAL 2)/Armature_001/Skeleton3D/LeftHandAttachment" instance=ExtResource("5_3smsa")]
transform = Transform3D(0.026791833, -0.87990224, -0.47439763, 0.9601638, -0.10939679, 0.2571328, -0.2781494, -0.46238828, 0.84192014, 0.06751561, 0.7250196, 0.090586215)

[node name="AnimationPlayer" parent="Rabid (FINAL 2)" index="1"]
speed_scale = 0.6

[node name="AnimationTree" type="AnimationTree" parent="Rabid (FINAL 2)/AnimationPlayer" index="0"]
root_node = NodePath("../..")
tree_root = SubResource("AnimationNodeStateMachine_vgqql")
advance_expression_base_node = NodePath("../../..")
anim_player = NodePath("..")
parameters/conditions/idle = true
parameters/conditions/is_shooting = true
parameters/conditions/run = true

[node name="Shovel" parent="." instance=ExtResource("6_8erm5")]
transform = Transform3D(1, 0, 0, 0, 1, 0, 0, 0, 1, -1.5793977, 0, -0.2700181)

[editable path="Rabid (FINAL 2)"]
