[gd_scene load_steps=31 format=3 uid="uid://bforddmeqe21d"]

[ext_resource type="Script" uid="uid://xn0hjmvydx74" path="res://Script/player.gd" id="1_6t5aa"]
[ext_resource type="Script" uid="uid://ffhgjc7pnh2g" path="res://Script/camera_controller.gd" id="2_6t5aa"]
[ext_resource type="PackedScene" uid="uid://dfd8oc0mv7kbi" path="res://Character Assets/Rabid (FINAL).glb" id="3_6t5aa"]
[ext_resource type="PackedScene" path="res://Scene/Gun.tscn" id="4_x3wgy"]
[ext_resource type="PackedScene" path="res://Scene/Grenade.tscn" id="5_3smsa"]
[ext_resource type="PackedScene" path="res://Scene/Shovel.tscn" id="6_8erm5"]

[sub_resource type="CapsuleShape3D" id="CapsuleShape3D_b6fju"]
radius = 0.5839844
height = 3.3

[sub_resource type="SphereShape3D" id="SphereShape3D_b6fju"]
radius = 0.1

[sub_resource type="AnimationNodeAnimation" id="AnimationNodeAnimation_vgqql"]
animation = &"Dash"

[sub_resource type="AnimationNodeAnimation" id="AnimationNodeAnimation_fkybt"]
animation = &"Jump"

[sub_resource type="AnimationNodeAnimation" id="AnimationNodeAnimation_x3wgy"]
animation = &"Run"

[sub_resource type="AnimationNodeAnimation" id="AnimationNodeAnimation_3smsa"]
animation = &"Shoot"

[sub_resource type="AnimationNodeAnimation" id="AnimationNodeAnimation_8erm5"]
animation = &"Throw Grenade"

[sub_resource type="AnimationNodeAnimation" id="AnimationNodeAnimation_6t5aa"]
animation = &"idle"

[sub_resource type="AnimationNodeStateMachineTransition" id="AnimationNodeStateMachineTransition_3smsa"]
advance_mode = 2

[sub_resource type="AnimationNodeStateMachineTransition" id="AnimationNodeStateMachineTransition_8erm5"]
xfade_time = 0.1
advance_mode = 2
advance_expression = "velocity.length() > 0"

[sub_resource type="AnimationNodeStateMachineTransition" id="AnimationNodeStateMachineTransition_f1ek2"]
xfade_time = 0.1
advance_mode = 2
advance_expression = "velocity.length() == 0"

[sub_resource type="AnimationNodeStateMachineTransition" id="AnimationNodeStateMachineTransition_6t5aa"]
xfade_time = 0.1
advance_mode = 2
advance_expression = "not is_on_floor()"

[sub_resource type="AnimationNodeStateMachineTransition" id="AnimationNodeStateMachineTransition_vgqql"]
xfade_time = 0.1
advance_mode = 2
advance_expression = "is_on_floor() and velocity.length () == 0"

[sub_resource type="AnimationNodeStateMachineTransition" id="AnimationNodeStateMachineTransition_fkybt"]
xfade_time = 0.1
advance_mode = 2
advance_expression = "is_on_floor() and velocity.length () > 0"

[sub_resource type="AnimationNodeStateMachineTransition" id="AnimationNodeStateMachineTransition_x3wgy"]
xfade_time = 0.1
advance_mode = 2
advance_expression = "not is_on_floor()"

[sub_resource type="AnimationNodeStateMachineTransition" id="AnimationNodeStateMachineTransition_tx1dd"]
advance_mode = 2
advance_expression = "velocity.length() > 10"

[sub_resource type="AnimationNodeStateMachineTransition" id="AnimationNodeStateMachineTransition_gymyn"]
advance_mode = 2
advance_expression = "velocity.length() < 10"

[sub_resource type="AnimationNodeStateMachineTransition" id="AnimationNodeStateMachineTransition_pu2lt"]
advance_mode = 2
advance_expression = "is_on_floor() and velocity.length () > 10"

[sub_resource type="AnimationNodeStateMachineTransition" id="AnimationNodeStateMachineTransition_ukyrk"]
advance_mode = 2
advance_expression = "not is_on_floor()"

[sub_resource type="AnimationNodeStateMachineTransition" id="AnimationNodeStateMachineTransition_7dp3o"]
advance_mode = 2
advance_condition = &"is_shooting"
advance_expression = "is_shooting()"

[sub_resource type="AnimationNodeStateMachineTransition" id="AnimationNodeStateMachineTransition_fd4e3"]
advance_mode = 2
advance_condition = &"idle"
advance_expression = "not is_shooting()"

[sub_resource type="AnimationNodeStateMachineTransition" id="AnimationNodeStateMachineTransition_h4iuc"]
advance_mode = 2
advance_condition = &"run"
advance_expression = "is_shooting()"

[sub_resource type="AnimationNodeStateMachineTransition" id="AnimationNodeStateMachineTransition_qqcod"]
advance_mode = 2
advance_condition = &"is_shooting"
advance_expression = "not is_shooting()"

[sub_resource type="AnimationNodeStateMachine" id="AnimationNodeStateMachine_vgqql"]
states/Dash/node = SubResource("AnimationNodeAnimation_vgqql")
states/Dash/position = Vector2(677, 100)
states/Jump/node = SubResource("AnimationNodeAnimation_fkybt")
states/Jump/position = Vector2(484, 293)
states/Run/node = SubResource("AnimationNodeAnimation_x3wgy")
states/Run/position = Vector2(576, 100)
states/Shoot/node = SubResource("AnimationNodeAnimation_3smsa")
states/Shoot/position = Vector2(457, -32)
"states/Throw Grenade/node" = SubResource("AnimationNodeAnimation_8erm5")
"states/Throw Grenade/position" = Vector2(880, 7)
states/idle/node = SubResource("AnimationNodeAnimation_6t5aa")
states/idle/position = Vector2(353, 100)
transitions = ["Start", "idle", SubResource("AnimationNodeStateMachineTransition_3smsa"), "idle", "Run", SubResource("AnimationNodeStateMachineTransition_8erm5"), "Run", "idle", SubResource("AnimationNodeStateMachineTransition_f1ek2"), "idle", "Jump", SubResource("AnimationNodeStateMachineTransition_6t5aa"), "Jump", "idle", SubResource("AnimationNodeStateMachineTransition_vgqql"), "Jump", "Run", SubResource("AnimationNodeStateMachineTransition_fkybt"), "Run", "Jump", SubResource("AnimationNodeStateMachineTransition_x3wgy"), "Run", "Dash", SubResource("AnimationNodeStateMachineTransition_tx1dd"), "Dash", "Run", SubResource("AnimationNodeStateMachineTransition_gymyn"), "Jump", "Dash", SubResource("AnimationNodeStateMachineTransition_pu2lt"), "Dash", "Jump", SubResource("AnimationNodeStateMachineTransition_ukyrk"), "idle", "Shoot", SubResource("AnimationNodeStateMachineTransition_7dp3o"), "Shoot", "idle", SubResource("AnimationNodeStateMachineTransition_fd4e3"), "Run", "Shoot", SubResource("AnimationNodeStateMachineTransition_h4iuc"), "Shoot", "Run", SubResource("AnimationNodeStateMachineTransition_qqcod")]
graph_offset = Vector2(5, -67)

[node name="Player" type="CharacterBody3D" node_paths=PackedStringArray("camera", "model", "animation_tree")]
script = ExtResource("1_6t5aa")
speed = 10.0
jump_velocity = 6.0
camera = NodePath("SpringArm3D/Camera3D")
model = NodePath("Rabid (FINAL 2)")
animation_tree = NodePath("Rabid (FINAL 2)/AnimationPlayer/AnimationTree")

[node name="SubViewportContainer" type="SubViewportContainer" parent="."]
anchors_preset = 15
anchor_right = 1.0
anchor_bottom = 1.0
grow_horizontal = 2
grow_vertical = 2
stretch = true
stretch_shrink = 2

[node name="SubViewport" type="SubViewport" parent="SubViewportContainer"]
handle_input_locally = false
size = Vector2i(320, 180)
render_target_update_mode = 4
snap_2d_transforms_to_pixel = true
snap_2d_vertices_to_pixel = true

[node name="RemoteTransform3D" type="RemoteTransform3D" parent="SubViewportContainer/SubViewport"]
update_position = true
update_rotation = true
update_scale = false
remote_path = NodePath("../../SpringArm3D")

[node name="Camera3D" type="Camera3D" parent="SubViewportContainer/SubViewport/RemoteTransform3D"]
fov = 60.0
size = 5.0
current = true

[node name="CollisionShape3D" type="CollisionShape3D" parent="."]
transform = Transform3D(1, 0, 0, 0, 1, 0, 0, 0, 1, 0, 0.6386531, 0)
shape = SubResource("CapsuleShape3D_b6fju")

[node name="SpringArm3D" type="SpringArm3D" parent="."]
transform = Transform3D(1, 0, 0, 0, 1, 0, 0, 0, 1, 0, 0.971219, 0)
shape = SubResource("SphereShape3D_b6fju")
spring_length = 5.0
script = ExtResource("2_6t5aa")

[node name="Camera3D" type="Camera3D" parent="SpringArm3D"]
fov = 60.0
size = 5.0

[node name="Rabid (FINAL 2)" parent="." instance=ExtResource("3_6t5aa")]
transform = Transform3D(1, 0, 0, 0, 1, 0, 0, 0, 1, 0, -0.9199089, 0)

[node name="Skeleton3D" parent="Rabid (FINAL 2)/Armature_001Ear_LEar_R" index="0"]
bones/0/position = Vector3(1.61892e-18, 0.62902445, -0.041790847)
bones/0/rotation = Quaternion(0.005797819, 4.0766115e-24, -1.2873678e-18, 0.9999832)
bones/1/rotation = Quaternion(8.12581e-08, 2.141773e-09, -0.0022466136, 0.9999975)
bones/2/rotation = Quaternion(0.054804638, 0.0018538614, -0.029271211, 0.9980663)
bones/3/position = Vector3(-0.24255475, 1.1011194, -0.0061287847)
bones/3/rotation = Quaternion(-0.048688564, 0.0014279519, 0.03376615, 0.99824214)
bones/4/position = Vector3(0.29179165, 0.39892906, -0.0004625744)
bones/4/rotation = Quaternion(1.2289586e-06, 1.4880117e-08, 0.9881245, -0.15365541)
bones/5/position = Vector3(-0.30903354, 0.4148977, -0.0004625713)
bones/5/rotation = Quaternion(1.1363702e-06, -3.4836341e-07, 0.9878609, 0.15534095)
bones/5/scale = Vector3(1.0000011, 0.99999994, 1)
bones/6/rotation = Quaternion(0.7071037, 0.0033670387, 0.7070939, -0.0033670848)
bones/7/position = Vector3(-2.5261638e-06, 0.21040057, -0.18222323)
bones/7/rotation = Quaternion(-5.5174787e-08, 0.99997085, -0.0076339557, -7.108641e-06)
bones/7/scale = Vector3(1, 0.99999994, 0.99999994)
bones/8/position = Vector3(2.5789257e-06, 0.21241029, 0.18457124)
bones/8/rotation = Quaternion(-0.01122668, 6.680926e-06, 8.316633e-08, 0.999937)
bones/8/scale = Vector3(1, 0.9999999, 0.99999994)

[node name="Bone" parent="Rabid (FINAL 2)/Armature_001Ear_LEar_R/Skeleton3D" index="0"]
transform = Transform3D(-0.95278126, 0.30366135, 2.4241554e-06, -0.30364135, -0.95271593, -0.011595036, -0.0035186592, -0.011048255, 0.99993277, 0.29179165, 1.027932, -0.03762763)

[node name="Hand_R" parent="Rabid (FINAL 2)/Armature_001Ear_LEar_R/Skeleton3D" index="1"]
transform = Transform3D(-0.9517394, -0.30691049, 2.136921e-06, 0.3068902, -0.9516743, -0.011596484, 0.0035611205, -0.011036162, 0.99993277, -0.30903354, 1.0438997, -0.037442464)

[node name="Leg_R" parent="Rabid (FINAL 2)/Armature_001Ear_LEar_R/Skeleton3D" index="2"]
transform = Transform3D(3.2916705e-07, -0.005744504, -0.9999834, 0.011595578, -0.999916, 0.0057441182, -0.99993265, -0.011595386, 6.634189e-05, -0.18021123, 0.41691232, -0.04425056)

[node name="Leg_L" parent="Rabid (FINAL 2)/Armature_001Ear_LEar_R/Skeleton3D" index="3"]
transform = Transform3D(5.2576434e-07, -0.012929949, 0.9999163, -0.011595585, -0.99984884, -0.012929068, 0.99993265, -0.011594605, -0.00015051616, 0.18658572, 0.41839576, -0.044233367)

[node name="Hip" parent="Rabid (FINAL 2)/Armature_001Ear_LEar_R/Skeleton3D" index="4"]
transform = Transform3D(1.388788e-05, 0.009523379, 0.99995464, -0.011595441, -0.9998872, 0.009522901, 0.99993265, -0.011595046, 9.648126e-05, 1.61892e-18, 0.62902445, -0.041790847)

[node name="Torso" parent="Rabid (FINAL 2)/Armature_001Ear_LEar_R/Skeleton3D" index="5"]
transform = Transform3D(1, 2.5746923e-18, -1.4919697e-20, -2.5746923e-18, 0.99993277, -0.011595443, -1.4936005e-20, 0.011595443, 0.99993277, 1.61892e-18, 0.62902445, -0.041790847)

[node name="AnimationPlayer" parent="Rabid (FINAL 2)" index="1"]
speed_scale = 0.6

[node name="AnimationTree" type="AnimationTree" parent="Rabid (FINAL 2)/AnimationPlayer" index="0"]
root_node = NodePath("../..")
tree_root = SubResource("AnimationNodeStateMachine_vgqql")
advance_expression_base_node = NodePath("../../..")
anim_player = NodePath("..")
parameters/conditions/idle = true
parameters/conditions/is_shooting = true
parameters/conditions/run = true

[node name="Rabid (FINAL 2)_Armature_001_Skeleton3D#RightHandAttachment" type="BoneAttachment3D" parent="."]
transform = Transform3D(-0.9486371, -0.31084448, -0.00094544655, 0.31082562, -0.94853365, -0.014391939, 0.0035830836, -0.013970805, 0.9981619, -0.30685127, 1.0450377, -0.03916321)
visible = false
bone_name = "Hand.R"
bone_idx = 5

[node name="Rabid (FINAL 2)_Armature_001_Skeleton3D_RightHandAttachment#RightHandContainer" type="Node3D" parent="."]
visible = false

[node name="Rabid (FINAL 2)_Armature_001_Skeleton3D_RightHandAttachment#Gun" parent="." instance=ExtResource("4_x3wgy")]
transform = Transform3D(0.20723814, 0.6326301, -0.7462115, -0.9623189, -0.0054449365, -0.2718714, -0.17605713, 0.7744351, 0.60766345, -0.025303334, 0.7964385, 0.1432237)
visible = false

[node name="Rabid (FINAL 2)_Armature_001_Skeleton3D#LeftHandAttachment" type="BoneAttachment3D" parent="."]
transform = Transform3D(-0.95117897, 0.308635, 0.0023053535, -0.30862436, -0.95100623, -0.01838937, -0.003483202, -0.018203046, 0.9998282, 0.29179165, 1.027932, -0.037627634)
visible = false
bone_name = "Bone"
bone_idx = 4

[node name="Rabid (FINAL 2)_Armature_001_Skeleton3D_LeftHandAttachment#LeftHandContainer" type="Node3D" parent="."]
transform = Transform3D(1, 1.2878445e-08, 0, -1.6822014e-08, 1, 0, -2.3283064e-10, 0, 1, 0, 0, 0)
visible = false

[node name="Rabid (FINAL 2)_Armature_001_Skeleton3D_LeftHandAttachment#Grenade" parent="." instance=ExtResource("5_3smsa")]
transform = Transform3D(0.026791833, -0.87990224, -0.47439763, 0.9601638, -0.10939679, 0.2571328, -0.2781494, -0.46238828, 0.84192014, 0.06751561, 0.7250196, 0.090586215)
visible = false

[node name="Shovel" parent="." instance=ExtResource("6_8erm5")]
transform = Transform3D(1, 0, 0, 0, 1, 0, 0, 0, 1, -1.5793977, 0, -0.2700181)
visible = false

[editable path="Rabid (FINAL 2)"]
