[gd_scene load_steps=45 format=3 uid="uid://c7e2vn7a0gikw"]

[ext_resource type="Script" uid="uid://xn0hjmvydx74" path="res://Script/player.gd" id="1_6t5aa"]
[ext_resource type="Script" uid="uid://ffhgjc7pnh2g" path="res://Script/camera_controller.gd" id="2_6t5aa"]
[ext_resource type="PackedScene" uid="uid://c0m12ftik23mt" path="res://Character Assets/Rabid (FINAL 2).glb" id="3_6t5aa"]
[ext_resource type="Script" uid="uid://rub4c115mxlt" path="res://Script/ray_cast_3d.gd" id="3_w2wfd"]
[ext_resource type="PackedScene" uid="uid://dkt7f471fy326" path="res://Scene/Gun.tscn" id="4_x3wgy"]
[ext_resource type="PackedScene" uid="uid://1kd3n6lutq8d" path="res://Scene/Grenade.tscn" id="5_3smsa"]
[ext_resource type="PackedScene" uid="uid://c3b8l6xx3pvli" path="res://Scene/Shovel.tscn" id="6_8erm5"]
[ext_resource type="Script" uid="uid://b7ecepo30kucs" path="res://Scene/pixelated_camera_sync.gd" id="7_ab448"]
[ext_resource type="PackedScene" uid="uid://r5hp1q65lxx3" path="res://Scene/Gameplay UI.tscn" id="9_w2wfd"]

[sub_resource type="CapsuleShape3D" id="CapsuleShape3D_b6fju"]
radius = 0.5839844
height = 3.3

[sub_resource type="SphereShape3D" id="SphereShape3D_b6fju"]
radius = 0.1

[sub_resource type="AnimationNodeAnimation" id="AnimationNodeAnimation_vgqql"]
animation = &"Dash"

[sub_resource type="AnimationNodeAnimation" id="AnimationNodeAnimation_fkybt"]
animation = &"Jump"

[sub_resource type="AnimationNodeAnimation" id="AnimationNodeAnimation_w2wfd"]
animation = &"Plant"

[sub_resource type="AnimationNodeAnimation" id="AnimationNodeAnimation_x3wgy"]
animation = &"Run"

[sub_resource type="AnimationNodeAnimation" id="AnimationNodeAnimation_3smsa"]
animation = &"Shoot"

[sub_resource type="AnimationNodeAnimation" id="AnimationNodeAnimation_8erm5"]
animation = &"Throw Grenade"

[sub_resource type="AnimationNodeAnimation" id="AnimationNodeAnimation_6t5aa"]
animation = &"idle"

[sub_resource type="AnimationNodeStateMachineTransition" id="AnimationNodeStateMachineTransition_3smsa"]
advance_mode = 2

[sub_resource type="AnimationNodeStateMachineTransition" id="AnimationNodeStateMachineTransition_8erm5"]
xfade_time = 0.1
advance_mode = 2
advance_expression = "velocity.length() > 0"

[sub_resource type="AnimationNodeStateMachineTransition" id="AnimationNodeStateMachineTransition_f1ek2"]
xfade_time = 0.1
advance_mode = 2
advance_expression = "velocity.length() == 0"

[sub_resource type="AnimationNodeStateMachineTransition" id="AnimationNodeStateMachineTransition_6t5aa"]
xfade_time = 0.1
advance_mode = 2
advance_expression = "not is_on_floor()"

[sub_resource type="AnimationNodeStateMachineTransition" id="AnimationNodeStateMachineTransition_vgqql"]
xfade_time = 0.1
advance_mode = 2
advance_expression = "is_on_floor() and velocity.length () == 0"

[sub_resource type="AnimationNodeStateMachineTransition" id="AnimationNodeStateMachineTransition_fkybt"]
xfade_time = 0.1
advance_mode = 2
advance_expression = "is_on_floor() and velocity.length () > 0"

[sub_resource type="AnimationNodeStateMachineTransition" id="AnimationNodeStateMachineTransition_x3wgy"]
xfade_time = 0.1
advance_mode = 2
advance_expression = "not is_on_floor()"

[sub_resource type="AnimationNodeStateMachineTransition" id="AnimationNodeStateMachineTransition_tx1dd"]
advance_mode = 2
advance_expression = "velocity.length() > 10"

[sub_resource type="AnimationNodeStateMachineTransition" id="AnimationNodeStateMachineTransition_gymyn"]
advance_mode = 2
advance_expression = "velocity.length() < 10"

[sub_resource type="AnimationNodeStateMachineTransition" id="AnimationNodeStateMachineTransition_pu2lt"]
advance_mode = 2
advance_expression = "is_on_floor() and velocity.length () > 10"

[sub_resource type="AnimationNodeStateMachineTransition" id="AnimationNodeStateMachineTransition_ukyrk"]
advance_mode = 2
advance_expression = "not is_on_floor()"

[sub_resource type="AnimationNodeStateMachineTransition" id="AnimationNodeStateMachineTransition_7dp3o"]
advance_mode = 2
advance_condition = &"is_shooting"
advance_expression = "is_shooting()"

[sub_resource type="AnimationNodeStateMachineTransition" id="AnimationNodeStateMachineTransition_fd4e3"]
advance_mode = 2
advance_condition = &"idle"
advance_expression = "not is_shooting()"

[sub_resource type="AnimationNodeStateMachineTransition" id="AnimationNodeStateMachineTransition_h4iuc"]
advance_mode = 2
advance_condition = &"run"
advance_expression = "is_shooting()"

[sub_resource type="AnimationNodeStateMachineTransition" id="AnimationNodeStateMachineTransition_qqcod"]
advance_mode = 2
advance_condition = &"is_shooting"
advance_expression = "not is_shooting()"

[sub_resource type="AnimationNodeStateMachineTransition" id="AnimationNodeStateMachineTransition_qbspr"]
advance_mode = 2
advance_expression = "is_planting()"

[sub_resource type="AnimationNodeStateMachineTransition" id="AnimationNodeStateMachineTransition_i8abf"]
advance_mode = 2
advance_expression = "not is_planting()"

[sub_resource type="AnimationNodeStateMachineTransition" id="AnimationNodeStateMachineTransition_spjao"]
advance_mode = 2
advance_expression = "is_planting()"

[sub_resource type="AnimationNodeStateMachineTransition" id="AnimationNodeStateMachineTransition_bm0vs"]
advance_mode = 2
advance_expression = "not is_planting()"

[sub_resource type="AnimationNodeStateMachineTransition" id="AnimationNodeStateMachineTransition_dysgi"]
advance_mode = 2
advance_expression = "is_throwing()"

[sub_resource type="AnimationNodeStateMachineTransition" id="AnimationNodeStateMachineTransition_p6mbt"]
advance_mode = 2
advance_expression = "not is_throwing()"

[sub_resource type="AnimationNodeStateMachineTransition" id="AnimationNodeStateMachineTransition_o1myj"]
advance_mode = 2
advance_expression = "is_throwing()"

[sub_resource type="AnimationNodeStateMachineTransition" id="AnimationNodeStateMachineTransition_g37qm"]
advance_mode = 2
advance_expression = "not is_throwing()"

[sub_resource type="AnimationNodeStateMachine" id="AnimationNodeStateMachine_vgqql"]
states/Dash/node = SubResource("AnimationNodeAnimation_vgqql")
states/Dash/position = Vector2(944, 100)
states/End/position = Vector2(1058, 100)
states/Jump/node = SubResource("AnimationNodeAnimation_fkybt")
states/Jump/position = Vector2(495, 254)
states/Plant/node = SubResource("AnimationNodeAnimation_w2wfd")
states/Plant/position = Vector2(476, -102)
states/Run/node = SubResource("AnimationNodeAnimation_x3wgy")
states/Run/position = Vector2(655, 100)
states/Shoot/node = SubResource("AnimationNodeAnimation_3smsa")
states/Shoot/position = Vector2(353, -107)
"states/Throw Grenade/node" = SubResource("AnimationNodeAnimation_8erm5")
"states/Throw Grenade/position" = Vector2(637, -102)
states/idle/node = SubResource("AnimationNodeAnimation_6t5aa")
states/idle/position = Vector2(353, 100)
transitions = ["Start", "idle", SubResource("AnimationNodeStateMachineTransition_3smsa"), "idle", "Run", SubResource("AnimationNodeStateMachineTransition_8erm5"), "Run", "idle", SubResource("AnimationNodeStateMachineTransition_f1ek2"), "idle", "Jump", SubResource("AnimationNodeStateMachineTransition_6t5aa"), "Jump", "idle", SubResource("AnimationNodeStateMachineTransition_vgqql"), "Jump", "Run", SubResource("AnimationNodeStateMachineTransition_fkybt"), "Run", "Jump", SubResource("AnimationNodeStateMachineTransition_x3wgy"), "Run", "Dash", SubResource("AnimationNodeStateMachineTransition_tx1dd"), "Dash", "Run", SubResource("AnimationNodeStateMachineTransition_gymyn"), "Jump", "Dash", SubResource("AnimationNodeStateMachineTransition_pu2lt"), "Dash", "Jump", SubResource("AnimationNodeStateMachineTransition_ukyrk"), "idle", "Shoot", SubResource("AnimationNodeStateMachineTransition_7dp3o"), "Shoot", "idle", SubResource("AnimationNodeStateMachineTransition_fd4e3"), "Run", "Shoot", SubResource("AnimationNodeStateMachineTransition_h4iuc"), "Shoot", "Run", SubResource("AnimationNodeStateMachineTransition_qqcod"), "idle", "Plant", SubResource("AnimationNodeStateMachineTransition_qbspr"), "Plant", "idle", SubResource("AnimationNodeStateMachineTransition_i8abf"), "Run", "Plant", SubResource("AnimationNodeStateMachineTransition_spjao"), "Plant", "Run", SubResource("AnimationNodeStateMachineTransition_bm0vs"), "idle", "Throw Grenade", SubResource("AnimationNodeStateMachineTransition_dysgi"), "Throw Grenade", "idle", SubResource("AnimationNodeStateMachineTransition_p6mbt"), "Run", "Throw Grenade", SubResource("AnimationNodeStateMachineTransition_o1myj"), "Throw Grenade", "Run", SubResource("AnimationNodeStateMachineTransition_g37qm")]
graph_offset = Vector2(196, -182)

[sub_resource type="QuadMesh" id="QuadMesh_qbspr"]
flip_faces = true
size = Vector2(2, 2)

[sub_resource type="ShaderMaterial" id="ShaderMaterial_i8abf"]

[node name="Player" type="CharacterBody3D" node_paths=PackedStringArray("camera", "model", "animation_tree", "gun_model", "grenade_model", "shovel_model")]
transform = Transform3D(1, 0, 0, 0, 1, 0, 0, 0, 1, -0.028423548, -0.49018192, 0.038747907)
script = ExtResource("1_6t5aa")
indicator_color = Color(0.24055359, 0.99222237, 0.29806608, 1)
speed = 10.0
jump_velocity = 7.2
camera = NodePath("SubViewportContainer/SubViewport/CameraSync/ViewportCamera3D")
model = NodePath("Rabid (FINAL 2)")
animation_tree = NodePath("Rabid (FINAL 2)/AnimationPlayer/AnimationTree")
gun_model = NodePath("Rabid (FINAL 2)/Armature_001/Skeleton3D/RightHandAttachment/Gun")
grenade_model = NodePath("Rabid (FINAL 2)/Armature_001/Skeleton3D/LeftHandAttachment/Grenade")
shovel_model = NodePath("Rabid (FINAL 2)/Armature_001/Skeleton3D/RightHandAttachment2/Shovel")
gun_projectile_arc = 0.1

[node name="CollisionShape3D" type="CollisionShape3D" parent="."]
transform = Transform3D(1, 0, 0, 0, 1, 0, 0, 0, 1, -0.006883204, 0.7943978, 0)
shape = SubResource("CapsuleShape3D_b6fju")

[node name="SpringArm3D" type="SpringArm3D" parent="."]
transform = Transform3D(1, 0, 0, 0, 1, 0, 0, 0, 1, 0, 0.971219, 0)
shape = SubResource("SphereShape3D_b6fju")
spring_length = 5.0
script = ExtResource("2_6t5aa")

[node name="Camera3D" type="Camera3D" parent="SpringArm3D"]
fov = 60.0
size = 5.0

[node name="RayCast3D" type="RayCast3D" parent="SpringArm3D/Camera3D"]
transform = Transform3D(1, 0, 0, 0, 1, 0, 0, 0, 1, 0, -0.971219, 0.016795158)
target_position = Vector3(0, -1, 8)
script = ExtResource("3_w2wfd")

[node name="Rabid (FINAL 2)" parent="." instance=ExtResource("3_6t5aa")]
transform = Transform3D(1, 0, 0, 0, 1, 0, 0, 0, 1, 0, -0.9199089, 0)

[node name="Skeleton3D" parent="Rabid (FINAL 2)/Armature_001" index="0"]
show_rest_only = true
bones/0/position = Vector3(1.61892e-18, 0.62902445, -0.041790847)
bones/0/rotation = Quaternion(0.005797819, 4.799599e-24, -1.2873678e-18, 0.9999832)
bones/1/rotation = Quaternion(-0.001823534, -4.094695e-06, -0.0022466101, 0.9999959)
bones/2/rotation = Quaternion(0.040842045, -8.033212e-05, -0.036597956, 0.99849516)
bones/3/position = Vector3(-0.24255474, 1.1011194, -0.0061287847)
bones/3/rotation = Quaternion(-0.040975343, 0.0021063657, 0.038063634, 0.9984327)
bones/4/position = Vector3(0.29179165, 0.39892906, -0.00046257576)
bones/4/rotation = Quaternion(0.00077545334, -0.006185146, 0.9873967, -0.15814196)
bones/5/position = Vector3(-0.30630526, 0.4162955, -0.002630211)
bones/5/rotation = Quaternion(-0.00043783168, -0.0024718982, 0.9872336, 0.15925974)
bones/5/scale = Vector3(0.99783355, 0.9978324, 0.9978323)
bones/6/rotation = Quaternion(0.7071037, 0.0033670387, 0.7070939, -0.0033670848)
bones/7/position = Vector3(0.0002384704, 0.20831923, -0.18077008)
bones/7/rotation = Quaternion(0.00996651, 0.9999215, -0.0076044975, -8.32681e-05)
bones/7/scale = Vector3(1, 0.99999994, 0.99999994)
bones/8/position = Vector3(0.00011182275, 0.2114561, 0.18393944)
bones/8/rotation = Quaternion(-0.011226525, 2.2313143e-06, 0.0026215971, 0.9999336)
bones/8/scale = Vector3(1, 0.9999999, 0.99999994)

[node name="Bone" parent="Rabid (FINAL 2)/Armature_001/Skeleton3D" index="0"]
transform = Transform3D(-0.95278126, 0.30366135, 2.4097533e-06, -0.30364135, -0.95271593, -0.01159504, -0.003518674, -0.011048255, 0.99993277, 0.2917917, 1.0235679, 0.011406897)

[node name="Hand_R" parent="Rabid (FINAL 2)/Armature_001/Skeleton3D" index="1"]
transform = Transform3D(-0.95173943, -0.30691054, 2.1656779e-06, 0.30689022, -0.95167434, -0.011596493, 0.003561151, -0.011036163, 0.99993277, -0.30903354, 1.0395355, 0.011592068)

[node name="Leg_R" parent="Rabid (FINAL 2)/Armature_001/Skeleton3D" index="2"]
transform = Transform3D(9.075302e-08, -0.0057445047, -0.9999834, 0.011595576, -0.999916, 0.0057441154, -0.99993265, -0.011595384, 6.652006e-05, -0.18021123, 0.4125483, 0.004784)

[node name="Leg_L" parent="Rabid (FINAL 2)/Armature_001/Skeleton3D" index="3"]
transform = Transform3D(7.3276624e-07, -0.012929949, 0.99991626, -0.011595583, -0.99984884, -0.012929065, 0.99993265, -0.011594601, -0.00015066288, 0.18658574, 0.41403168, 0.004801126)

[node name="Hip" parent="Rabid (FINAL 2)/Armature_001/Skeleton3D" index="4"]
transform = Transform3D(1.41263e-05, 0.009523378, 0.9999546, -0.01159544, -0.99988717, 0.009522902, 0.99993265, -0.011595046, 9.630306e-05, 1.6084163e-18, 0.6246604, 0.00724368)

[node name="Torso" parent="Rabid (FINAL 2)/Armature_001/Skeleton3D" index="5"]
transform = Transform3D(1, 2.5746925e-18, -1.4918251e-20, -2.5746925e-18, 0.99993277, -0.011595443, -1.493745e-20, 0.011595443, 0.99993277, 1.6084164e-18, 0.6246604, 0.0072436803)

[node name="RightHandAttachment2" type="BoneAttachment3D" parent="Rabid (FINAL 2)/Armature_001/Skeleton3D" index="7"]
transform = Transform3D(-0.95173943, -0.30691054, 2.1656779e-06, 0.30689022, -0.95167434, -0.011596493, 0.003561151, -0.011036163, 0.99993277, -0.30903354, 1.0395355, 0.011592068)
bone_name = "Hand.R"
bone_idx = 5

[node name="RightHandContainer" type="Node3D" parent="Rabid (FINAL 2)/Armature_001/Skeleton3D/RightHandAttachment2"]

[node name="Shovel" parent="Rabid (FINAL 2)/Armature_001/Skeleton3D/RightHandAttachment2" instance=ExtResource("6_8erm5")]
transform = Transform3D(1.1081386, -0.856379, 0.8456599, 1.1896943, 0.60551023, -0.94577, 0.18207932, 1.2555751, 1.032896, 0.06369302, 0.58201265, 0.18524697)

[node name="RightHandAttachment" type="BoneAttachment3D" parent="Rabid (FINAL 2)/Armature_001/Skeleton3D" index="8"]
transform = Transform3D(-0.95173943, -0.30691054, 2.1656779e-06, 0.30689022, -0.95167434, -0.011596493, 0.003561151, -0.011036163, 0.99993277, -0.30903354, 1.0395355, 0.011592068)
bone_name = "Hand.R"
bone_idx = 5

[node name="RightHandContainer" type="Node3D" parent="Rabid (FINAL 2)/Armature_001/Skeleton3D/RightHandAttachment"]

[node name="Gun" parent="Rabid (FINAL 2)/Armature_001/Skeleton3D/RightHandAttachment" instance=ExtResource("4_x3wgy")]
transform = Transform3D(0.20723814, 0.6326301, -0.7462115, -0.9623189, -0.0054449365, -0.2718714, -0.17605713, 0.7744351, 0.60766345, -0.025303334, 0.7964385, 0.1432237)

[node name="LeftHandAttachment" type="BoneAttachment3D" parent="Rabid (FINAL 2)/Armature_001/Skeleton3D" index="9"]
transform = Transform3D(-0.95278126, 0.30366135, 2.4097533e-06, -0.30364135, -0.95271593, -0.01159504, -0.003518674, -0.011048255, 0.99993277, 0.2917917, 1.0235679, 0.011406897)
bone_name = "Bone"
bone_idx = 4

[node name="LeftHandContainer" type="Node3D" parent="Rabid (FINAL 2)/Armature_001/Skeleton3D/LeftHandAttachment"]
transform = Transform3D(1, 1.2878445e-08, 0, -1.6822014e-08, 1, 0, -2.3283064e-10, 0, 1, 0, 0, 0)

[node name="Grenade" parent="Rabid (FINAL 2)/Armature_001/Skeleton3D/LeftHandAttachment" instance=ExtResource("5_3smsa")]
transform = Transform3D(0.026791833, -0.87990224, -0.47439763, 0.9601638, -0.10939679, 0.2571328, -0.2781494, -0.46238828, 0.84192014, 0.06751561, 0.7250196, 0.090586215)

[node name="AnimationPlayer" parent="Rabid (FINAL 2)" index="1"]
speed_scale = 0.6

[node name="AnimationTree" type="AnimationTree" parent="Rabid (FINAL 2)/AnimationPlayer" index="0"]
root_node = NodePath("../..")
tree_root = SubResource("AnimationNodeStateMachine_vgqql")
advance_expression_base_node = NodePath("../../..")
anim_player = NodePath("..")
parameters/conditions/idle = true
parameters/conditions/is_shooting = true
parameters/conditions/run = true

[node name="SubViewportContainer" type="SubViewportContainer" parent="."]
texture_filter = 1
anchors_preset = 15
anchor_right = 1.0
anchor_bottom = 1.0
grow_horizontal = 2
grow_vertical = 2
stretch = true
stretch_shrink = 5

[node name="SubViewport" type="SubViewport" parent="SubViewportContainer"]
handle_input_locally = false
snap_2d_transforms_to_pixel = true
snap_2d_vertices_to_pixel = true
size = Vector2i(230, 129)
render_target_update_mode = 4

[node name="CameraSync" type="Node3D" parent="SubViewportContainer/SubViewport" node_paths=PackedStringArray("pixelated_camera")]
script = ExtResource("7_ab448")
pixelated_camera = NodePath("ViewportCamera3D")

[node name="ViewportCamera3D" type="Camera3D" parent="SubViewportContainer/SubViewport/CameraSync"]
current = true
fov = 70.0
size = 5.0

[node name="MeshInstance3D" type="MeshInstance3D" parent="SubViewportContainer/SubViewport/CameraSync/ViewportCamera3D"]
extra_cull_margin = 16384.0
mesh = SubResource("QuadMesh_qbspr")
skeleton = NodePath("../../../../..")
surface_material_override/0 = SubResource("ShaderMaterial_i8abf")

[node name="Control" parent="." instance=ExtResource("9_w2wfd")]

[node name="SFX" type="Node3D" parent="."]

[editable path="Rabid (FINAL 2)"]
