[gd_scene load_steps=31 format=3 uid="uid://c7e2vn7a0gikw"]

[ext_resource type="Script" uid="uid://b816toh8jwohy" path="res://Scripts/player.gd" id="1_6t5aa"]
[ext_resource type="Script" uid="uid://byjvw6ylr1l0" path="res://Scripts/camera_controller.gd" id="2_6t5aa"]
[ext_resource type="PackedScene" uid="uid://c0m12ftik23mt" path="res://Assets/Models/Rabid (FINAL 2).glb" id="3_6t5aa"]
[ext_resource type="PackedScene" uid="uid://dkt7f471fy326" path="res://Scenes/Gun.tscn" id="4_x3wgy"]
[ext_resource type="PackedScene" uid="uid://1kd3n6lutq8d" path="res://Scenes/Grenade.tscn" id="5_3smsa"]
[ext_resource type="PackedScene" uid="uid://c3b8l6xx3pvli" path="res://Scenes/Shovel.tscn" id="6_8erm5"]

[sub_resource type="CapsuleShape3D" id="CapsuleShape3D_b6fju"]
radius = 0.5839844
height = 3.3

[sub_resource type="SphereShape3D" id="SphereShape3D_b6fju"]
radius = 0.1

[sub_resource type="AnimationNodeAnimation" id="AnimationNodeAnimation_vgqql"]
animation = &"Dash"

[sub_resource type="AnimationNodeAnimation" id="AnimationNodeAnimation_fkybt"]
animation = &"Jump"

[sub_resource type="AnimationNodeAnimation" id="AnimationNodeAnimation_x3wgy"]
animation = &"Run"

[sub_resource type="AnimationNodeAnimation" id="AnimationNodeAnimation_3smsa"]
animation = &"Shoot"

[sub_resource type="AnimationNodeAnimation" id="AnimationNodeAnimation_8erm5"]
animation = &"Throw Grenade"

[sub_resource type="AnimationNodeAnimation" id="AnimationNodeAnimation_6t5aa"]
animation = &"idle"

[sub_resource type="AnimationNodeStateMachineTransition" id="AnimationNodeStateMachineTransition_3smsa"]
advance_mode = 2

[sub_resource type="AnimationNodeStateMachineTransition" id="AnimationNodeStateMachineTransition_8erm5"]
xfade_time = 0.1
advance_mode = 2
advance_expression = "velocity.length() > 0"

[sub_resource type="AnimationNodeStateMachineTransition" id="AnimationNodeStateMachineTransition_f1ek2"]
xfade_time = 0.1
advance_mode = 2
advance_expression = "velocity.length() == 0"

[sub_resource type="AnimationNodeStateMachineTransition" id="AnimationNodeStateMachineTransition_6t5aa"]
xfade_time = 0.1
advance_mode = 2
advance_expression = "not is_on_floor()"

[sub_resource type="AnimationNodeStateMachineTransition" id="AnimationNodeStateMachineTransition_vgqql"]
xfade_time = 0.1
advance_mode = 2
advance_expression = "is_on_floor() and velocity.length () == 0"

[sub_resource type="AnimationNodeStateMachineTransition" id="AnimationNodeStateMachineTransition_fkybt"]
xfade_time = 0.1
advance_mode = 2
advance_expression = "is_on_floor() and velocity.length () > 0"

[sub_resource type="AnimationNodeStateMachineTransition" id="AnimationNodeStateMachineTransition_x3wgy"]
xfade_time = 0.1
advance_mode = 2
advance_expression = "not is_on_floor()"

[sub_resource type="AnimationNodeStateMachineTransition" id="AnimationNodeStateMachineTransition_tx1dd"]
advance_mode = 2
advance_expression = "velocity.length() > 10"

[sub_resource type="AnimationNodeStateMachineTransition" id="AnimationNodeStateMachineTransition_gymyn"]
advance_mode = 2
advance_expression = "velocity.length() < 10"

[sub_resource type="AnimationNodeStateMachineTransition" id="AnimationNodeStateMachineTransition_pu2lt"]
advance_mode = 2
advance_expression = "is_on_floor() and velocity.length () > 10"

[sub_resource type="AnimationNodeStateMachineTransition" id="AnimationNodeStateMachineTransition_ukyrk"]
advance_mode = 2
advance_expression = "not is_on_floor()"

[sub_resource type="AnimationNodeStateMachineTransition" id="AnimationNodeStateMachineTransition_7dp3o"]
advance_mode = 2
advance_condition = &"is_shooting"
advance_expression = "is_shooting()"

[sub_resource type="AnimationNodeStateMachineTransition" id="AnimationNodeStateMachineTransition_fd4e3"]
advance_mode = 2
advance_condition = &"idle"
advance_expression = "not is_shooting()"

[sub_resource type="AnimationNodeStateMachineTransition" id="AnimationNodeStateMachineTransition_h4iuc"]
advance_mode = 2
advance_condition = &"run"
advance_expression = "is_shooting()"

[sub_resource type="AnimationNodeStateMachineTransition" id="AnimationNodeStateMachineTransition_qqcod"]
advance_mode = 2
advance_condition = &"is_shooting"
advance_expression = "not is_shooting()"

[sub_resource type="AnimationNodeStateMachine" id="AnimationNodeStateMachine_vgqql"]
states/Dash/node = SubResource("AnimationNodeAnimation_vgqql")
states/Dash/position = Vector2(677, 100)
states/Jump/node = SubResource("AnimationNodeAnimation_fkybt")
states/Jump/position = Vector2(484, 293)
states/Run/node = SubResource("AnimationNodeAnimation_x3wgy")
states/Run/position = Vector2(576, 100)
states/Shoot/node = SubResource("AnimationNodeAnimation_3smsa")
states/Shoot/position = Vector2(457, -32)
"states/Throw Grenade/node" = SubResource("AnimationNodeAnimation_8erm5")
"states/Throw Grenade/position" = Vector2(880, 7)
states/idle/node = SubResource("AnimationNodeAnimation_6t5aa")
states/idle/position = Vector2(353, 100)
transitions = ["Start", "idle", SubResource("AnimationNodeStateMachineTransition_3smsa"), "idle", "Run", SubResource("AnimationNodeStateMachineTransition_8erm5"), "Run", "idle", SubResource("AnimationNodeStateMachineTransition_f1ek2"), "idle", "Jump", SubResource("AnimationNodeStateMachineTransition_6t5aa"), "Jump", "idle", SubResource("AnimationNodeStateMachineTransition_vgqql"), "Jump", "Run", SubResource("AnimationNodeStateMachineTransition_fkybt"), "Run", "Jump", SubResource("AnimationNodeStateMachineTransition_x3wgy"), "Run", "Dash", SubResource("AnimationNodeStateMachineTransition_tx1dd"), "Dash", "Run", SubResource("AnimationNodeStateMachineTransition_gymyn"), "Jump", "Dash", SubResource("AnimationNodeStateMachineTransition_pu2lt"), "Dash", "Jump", SubResource("AnimationNodeStateMachineTransition_ukyrk"), "idle", "Shoot", SubResource("AnimationNodeStateMachineTransition_7dp3o"), "Shoot", "idle", SubResource("AnimationNodeStateMachineTransition_fd4e3"), "Run", "Shoot", SubResource("AnimationNodeStateMachineTransition_h4iuc"), "Shoot", "Run", SubResource("AnimationNodeStateMachineTransition_qqcod")]
graph_offset = Vector2(-40, -84)

[node name="Player" type="CharacterBody3D" node_paths=PackedStringArray("camera", "model", "animation_tree", "gun_model", "grenade_model")]
transform = Transform3D(1, 0, 0, 0, 1, 0, 0, 0, 1, 0, 0, -0.016795158)
script = ExtResource("1_6t5aa")
speed = 10.0
camera = NodePath("SpringArm3D/Camera3D")
model = NodePath("Rabid (FINAL 2)")
animation_tree = NodePath("Rabid (FINAL 2)/AnimationPlayer/AnimationTree")
gun_model = NodePath("Rabid (FINAL 2)/Armature_001/Skeleton3D/RightHandAttachment/Gun")
grenade_model = NodePath("Rabid (FINAL 2)/Armature_001/Skeleton3D/LeftHandAttachment/Grenade")

[node name="CollisionShape3D" type="CollisionShape3D" parent="."]
transform = Transform3D(1, 0, 0, 0, 1, 0, 0, 0, 1, 0, 0.6386531, 0)
shape = SubResource("CapsuleShape3D_b6fju")

[node name="SpringArm3D" type="SpringArm3D" parent="."]
transform = Transform3D(1, 0, 0, 0, 1, 0, 0, 0, 1, 0, 0.971219, 0)
shape = SubResource("SphereShape3D_b6fju")
spring_length = 5.0
script = ExtResource("2_6t5aa")

[node name="Camera3D" type="Camera3D" parent="SpringArm3D"]
fov = 60.0
size = 5.0

[node name="Rabid (FINAL 2)" parent="." instance=ExtResource("3_6t5aa")]
transform = Transform3D(1, 0, 0, 0, 1, 0, 0, 0, 1, 0, -0.9199089, 0)

[node name="Skeleton3D" parent="Rabid (FINAL 2)/Armature_001" index="0"]
bones/0/position = Vector3(1.61892e-18, 0.62902445, -0.041790847)
bones/0/rotation = Quaternion(0.005797819, 4.799599e-24, -1.2873678e-18, 0.9999832)
bones/1/rotation = Quaternion(-0.04863192, -0.00010925534, -0.0022439552, 0.9988142)
bones/2/rotation = Quaternion(-0.09662366, -0.018630378, -0.10665793, 0.98941445)
bones/3/position = Vector3(-0.24255474, 1.1011194, -0.0061287847)
bones/3/rotation = Quaternion(0.031158168, 0.00857447, 0.07801192, 0.99642855)
bones/4/position = Vector3(0.29179165, 0.39892906, -0.00046257576)
bones/4/rotation = Quaternion(-0.030534469, -0.1844445, 0.9423251, -0.2776171)
bones/5/position = Vector3(-0.29765818, 0.42072555, -0.009500349)
bones/5/rotation = Quaternion(-0.018816058, -0.08752709, 0.95197767, 0.2927858)
bones/5/scale = Vector3(0.9909634, 0.9909622, 0.99096227)
bones/6/rotation = Quaternion(0.7071037, 0.0033670387, 0.7070939, -0.0033670848)
bones/7/position = Vector3(0.005313228, 0.16449271, -0.15017113)
bones/7/rotation = Quaternion(0.22109048, 0.9752282, -0.0067999754, -0.0016964062)
bones/7/scale = Vector3(1, 0.99999994, 0.99999994)
bones/8/position = Vector3(0.0030093694, 0.18614945, 0.16718248)
bones/8/rotation = Quaternion(-0.011196645, -0.000116621435, 0.07238519, 0.9973139)
bones/8/scale = Vector3(1, 0.9999999, 0.99999994)

[node name="Bone" parent="Rabid (FINAL 2)/Armature_001/Skeleton3D" index="0"]
transform = Transform3D(-0.84399396, 0.53447497, 0.044863097, -0.51005876, -0.77393156, -0.37532753, -0.16588241, -0.33965647, 0.92580587, 0.29179165, 1.027932, -0.037627634)

[node name="Hand_R" parent="Rabid (FINAL 2)/Armature_001/Skeleton3D" index="1"]
transform = Transform3D(-0.82036406, -0.5491489, -0.08629131, 0.555463, -0.8037856, -0.16551907, 0.021731323, -0.18539283, 0.97322327, -0.29765818, 1.0498319, -0.04641206)

[node name="Leg_R" parent="Rabid (FINAL 2)/Armature_001/Skeleton3D" index="2"]
transform = Transform3D(0.0043963636, -0.0054150736, -0.9999756, -0.4207371, -0.90717715, 0.0030627903, -0.90717185, 0.4207134, -0.0062665436, -0.14859772, 0.4630586, -0.038399767)

[node name="Leg_L" parent="Rabid (FINAL 2)/Armature_001/Skeleton3D" index="3"]
transform = Transform3D(5.038455e-07, -0.01292982, 0.9999163, -0.15585499, -0.98769706, -0.012771733, 0.98777986, -0.15584196, -0.002015735, 0.1689477, 0.44445315, -0.04092396)

[node name="Hip" parent="Rabid (FINAL 2)/Armature_001/Skeleton3D" index="4"]
transform = Transform3D(1.388788e-05, 0.009523379, 0.99995464, -0.011595441, -0.9998872, 0.009522901, 0.99993265, -0.011595046, 9.648126e-05, 1.6189199e-18, 0.62902445, -0.041790847)

[node name="Torso" parent="Rabid (FINAL 2)/Armature_001/Skeleton3D" index="5"]
transform = Transform3D(1, 2.5746923e-18, -1.4918251e-20, -2.5746923e-18, 0.99993277, -0.011595443, -1.493745e-20, 0.011595443, 0.99993277, 1.61892e-18, 0.62902445, -0.041790847)

[node name="RightHandAttachment" type="BoneAttachment3D" parent="Rabid (FINAL 2)/Armature_001/Skeleton3D" index="7"]
transform = Transform3D(-0.82036406, -0.5491489, -0.08629131, 0.555463, -0.8037856, -0.16551907, 0.021731323, -0.18539283, 0.97322327, -0.29765818, 1.0498319, -0.04641206)
bone_name = "Hand.R"
bone_idx = 5

[node name="RightHandContainer" type="Node3D" parent="Rabid (FINAL 2)/Armature_001/Skeleton3D/RightHandAttachment"]

[node name="Gun" parent="Rabid (FINAL 2)/Armature_001/Skeleton3D/RightHandAttachment" instance=ExtResource("4_x3wgy")]
transform = Transform3D(0.20723814, 0.6326301, -0.7462115, -0.9623189, -0.0054449365, -0.2718714, -0.17605713, 0.7744351, 0.60766345, -0.025303334, 0.7964385, 0.1432237)

[node name="LeftHandAttachment" type="BoneAttachment3D" parent="Rabid (FINAL 2)/Armature_001/Skeleton3D" index="8"]
transform = Transform3D(-0.84399396, 0.53447497, 0.044863097, -0.51005876, -0.77393156, -0.37532753, -0.16588241, -0.33965647, 0.92580587, 0.29179165, 1.027932, -0.037627634)
bone_name = "Bone"
bone_idx = 4

[node name="LeftHandContainer" type="Node3D" parent="Rabid (FINAL 2)/Armature_001/Skeleton3D/LeftHandAttachment"]
transform = Transform3D(1, 1.2878445e-08, 0, -1.6822014e-08, 1, 0, -2.3283064e-10, 0, 1, 0, 0, 0)

[node name="Grenade" parent="Rabid (FINAL 2)/Armature_001/Skeleton3D/LeftHandAttachment" instance=ExtResource("5_3smsa")]
transform = Transform3D(0.026791833, -0.87990224, -0.47439763, 0.9601638, -0.10939679, 0.2571328, -0.2781494, -0.46238828, 0.84192014, 0.06751561, 0.7250196, 0.090586215)

[node name="AnimationPlayer" parent="Rabid (FINAL 2)" index="1"]
speed_scale = 0.6

[node name="AnimationTree" type="AnimationTree" parent="Rabid (FINAL 2)/AnimationPlayer" index="0"]
root_node = NodePath("../..")
tree_root = SubResource("AnimationNodeStateMachine_vgqql")
advance_expression_base_node = NodePath("../../..")
anim_player = NodePath("..")
parameters/conditions/idle = true
parameters/conditions/is_shooting = true
parameters/conditions/run = true

[node name="Shovel" parent="." instance=ExtResource("6_8erm5")]
transform = Transform3D(1, 0, 0, 0, 1, 0, 0, 0, 1, -1.5793977, 0, -0.2700181)
visible = false

[editable path="Rabid (FINAL 2)"]
