[gd_scene load_steps=28 format=3 uid="uid://ojkg1br2vbk0"]

[ext_resource type="Script" uid="uid://b816toh8jwohy" path="res://Scripts/player.gd" id="1_6t5aa"]
[ext_resource type="Script" uid="uid://byjvw6ylr1l0" path="res://Scripts/camera_controller.gd" id="2_6t5aa"]
[ext_resource type="PackedScene" uid="uid://c0m12ftik23mt" path="res://Assets/Models/Rabid (FINAL 2).glb" id="3_6t5aa"]

[sub_resource type="CapsuleShape3D" id="CapsuleShape3D_b6fju"]
radius = 0.5839844
height = 3.3

[sub_resource type="SphereShape3D" id="SphereShape3D_b6fju"]
radius = 0.1

[sub_resource type="AnimationNodeAnimation" id="AnimationNodeAnimation_vgqql"]
animation = &"Dash"

[sub_resource type="AnimationNodeAnimation" id="AnimationNodeAnimation_fkybt"]
animation = &"Jump"

[sub_resource type="AnimationNodeAnimation" id="AnimationNodeAnimation_x3wgy"]
animation = &"Run"

[sub_resource type="AnimationNodeAnimation" id="AnimationNodeAnimation_3smsa"]
animation = &"Shoot"

[sub_resource type="AnimationNodeAnimation" id="AnimationNodeAnimation_8erm5"]
animation = &"Throw Grenade"

[sub_resource type="AnimationNodeAnimation" id="AnimationNodeAnimation_6t5aa"]
animation = &"idle"

[sub_resource type="AnimationNodeStateMachineTransition" id="AnimationNodeStateMachineTransition_3smsa"]
advance_mode = 2

[sub_resource type="AnimationNodeStateMachineTransition" id="AnimationNodeStateMachineTransition_8erm5"]
xfade_time = 0.1
advance_mode = 2
advance_expression = "velocity.length() > 0"

[sub_resource type="AnimationNodeStateMachineTransition" id="AnimationNodeStateMachineTransition_f1ek2"]
xfade_time = 0.1
advance_mode = 2
advance_expression = "velocity.length() == 0"

[sub_resource type="AnimationNodeStateMachineTransition" id="AnimationNodeStateMachineTransition_6t5aa"]
xfade_time = 0.1
advance_mode = 2
advance_expression = "not is_on_floor()"

[sub_resource type="AnimationNodeStateMachineTransition" id="AnimationNodeStateMachineTransition_vgqql"]
xfade_time = 0.1
advance_mode = 2
advance_expression = "is_on_floor() and velocity.length () == 0"

[sub_resource type="AnimationNodeStateMachineTransition" id="AnimationNodeStateMachineTransition_fkybt"]
xfade_time = 0.1
advance_mode = 2
advance_expression = "is_on_floor() and velocity.length () > 0"

[sub_resource type="AnimationNodeStateMachineTransition" id="AnimationNodeStateMachineTransition_x3wgy"]
xfade_time = 0.1
advance_mode = 2
advance_expression = "not is_on_floor()"

[sub_resource type="AnimationNodeStateMachineTransition" id="AnimationNodeStateMachineTransition_tx1dd"]
advance_mode = 2
advance_expression = "velocity.length() > 10"

[sub_resource type="AnimationNodeStateMachineTransition" id="AnimationNodeStateMachineTransition_gymyn"]
advance_mode = 2
advance_expression = "velocity.length() < 10"

[sub_resource type="AnimationNodeStateMachineTransition" id="AnimationNodeStateMachineTransition_pu2lt"]
advance_mode = 2
advance_expression = "is_on_floor() and velocity.length () > 10"

[sub_resource type="AnimationNodeStateMachineTransition" id="AnimationNodeStateMachineTransition_ukyrk"]
advance_mode = 2
advance_expression = "not is_on_floor()"

[sub_resource type="AnimationNodeStateMachineTransition" id="AnimationNodeStateMachineTransition_7dp3o"]
advance_mode = 2
advance_condition = &"is_shooting"
advance_expression = "is_shooting()"

[sub_resource type="AnimationNodeStateMachineTransition" id="AnimationNodeStateMachineTransition_fd4e3"]
advance_mode = 2
advance_condition = &"idle"
advance_expression = "not is_shooting()"

[sub_resource type="AnimationNodeStateMachineTransition" id="AnimationNodeStateMachineTransition_h4iuc"]
advance_mode = 2
advance_condition = &"run"
advance_expression = "is_shooting()"

[sub_resource type="AnimationNodeStateMachineTransition" id="AnimationNodeStateMachineTransition_qqcod"]
advance_mode = 2
advance_condition = &"is_shooting"
advance_expression = "not is_shooting()"

[sub_resource type="AnimationNodeStateMachine" id="AnimationNodeStateMachine_vgqql"]
states/Dash/node = SubResource("AnimationNodeAnimation_vgqql")
states/Dash/position = Vector2(677, 100)
states/Jump/node = SubResource("AnimationNodeAnimation_fkybt")
states/Jump/position = Vector2(484, 293)
states/Run/node = SubResource("AnimationNodeAnimation_x3wgy")
states/Run/position = Vector2(576, 100)
states/Shoot/node = SubResource("AnimationNodeAnimation_3smsa")
states/Shoot/position = Vector2(457, -31)
"states/Throw Grenade/node" = SubResource("AnimationNodeAnimation_8erm5")
"states/Throw Grenade/position" = Vector2(880, 7)
states/idle/node = SubResource("AnimationNodeAnimation_6t5aa")
states/idle/position = Vector2(352, 100)
transitions = ["Start", "idle", SubResource("AnimationNodeStateMachineTransition_3smsa"), "idle", "Run", SubResource("AnimationNodeStateMachineTransition_8erm5"), "Run", "idle", SubResource("AnimationNodeStateMachineTransition_f1ek2"), "idle", "Jump", SubResource("AnimationNodeStateMachineTransition_6t5aa"), "Jump", "idle", SubResource("AnimationNodeStateMachineTransition_vgqql"), "Jump", "Run", SubResource("AnimationNodeStateMachineTransition_fkybt"), "Run", "Jump", SubResource("AnimationNodeStateMachineTransition_x3wgy"), "Run", "Dash", SubResource("AnimationNodeStateMachineTransition_tx1dd"), "Dash", "Run", SubResource("AnimationNodeStateMachineTransition_gymyn"), "Jump", "Dash", SubResource("AnimationNodeStateMachineTransition_pu2lt"), "Dash", "Jump", SubResource("AnimationNodeStateMachineTransition_ukyrk"), "idle", "Shoot", SubResource("AnimationNodeStateMachineTransition_7dp3o"), "Shoot", "idle", SubResource("AnimationNodeStateMachineTransition_fd4e3"), "Run", "Shoot", SubResource("AnimationNodeStateMachineTransition_h4iuc"), "Shoot", "Run", SubResource("AnimationNodeStateMachineTransition_qqcod")]
graph_offset = Vector2(-3, -84)

[node name="Player" type="CharacterBody3D" node_paths=PackedStringArray("camera", "model", "animation_tree")]
script = ExtResource("1_6t5aa")
camera = NodePath("SpringArm3D/Camera3D")
model = NodePath("Rabid (FINAL 2)")
animation_tree = NodePath("Rabid (FINAL 2)/AnimationPlayer/AnimationTree")

[node name="CollisionShape3D" type="CollisionShape3D" parent="."]
transform = Transform3D(1, 0, 0, 0, 1, 0, 0, 0, 1, 0, 0.6386531, 0)
shape = SubResource("CapsuleShape3D_b6fju")

[node name="SpringArm3D" type="SpringArm3D" parent="."]
transform = Transform3D(1, 0, 0, 0, 1, 0, 0, 0, 1, 0, 0.971219, 0)
shape = SubResource("SphereShape3D_b6fju")
spring_length = 5.0
script = ExtResource("2_6t5aa")

[node name="Camera3D" type="Camera3D" parent="SpringArm3D"]
fov = 60.0
size = 5.0

[node name="Rabid (FINAL 2)" parent="." instance=ExtResource("3_6t5aa")]
transform = Transform3D(1, 0, 0, 0, 1, 0, 0, 0, 1, 0, -0.9199089, 0)

[node name="Skeleton3D" parent="Rabid (FINAL 2)/Armature_001" index="0"]
bones/0/position = Vector3(1.61892e-18, 0.62902445, -0.041790847)
bones/0/rotation = Quaternion(0.050642785, 0.15140764, 0.0037914459, 0.98716605)
bones/1/rotation = Quaternion(8.125811e-08, 2.2415219e-09, -0.0022466136, 0.9999975)
bones/2/rotation = Quaternion(0.11820271, 0.024837272, 0.047594264, 0.9915373)
bones/3/position = Vector3(-0.24255474, 1.1011194, -0.0061287847)
bones/3/rotation = Quaternion(-0.18095852, -0.03278928, -0.031701684, 0.9824327)
bones/4/position = Vector3(0.29179165, 0.39892906, -0.00046257576)
bones/4/rotation = Quaternion(1.2214912e-06, 1.3924041e-08, 0.9881245, -0.15365541)
bones/5/position = Vector3(-0.30903354, 0.4148977, -0.00046257084)
bones/5/rotation = Quaternion(-0.0022546796, 0.63794184, 0.70406383, 0.31196037)
bones/5/scale = Vector3(1.0000011, 0.99999994, 1)
bones/6/rotation = Quaternion(0.6935712, 0.054268546, 0.7144091, 0.07505718)
bones/7/position = Vector3(-2.5261638e-06, 0.21040057, -0.18222323)
bones/7/rotation = Quaternion(0.18496503, 0.98178077, -0.035754286, 0.024822637)
bones/7/scale = Vector3(1, 0.99999994, 0.99999994)
bones/8/position = Vector3(2.5767868e-06, 0.21241029, 0.18457125)
bones/8/rotation = Quaternion(0.028071998, 0.033284374, 0.25484008, 0.96600246)
bones/8/scale = Vector3(1, 0.9999999, 0.99999994)

[node name="Bone" parent="Rabid (FINAL 2)/Armature_001/Skeleton3D" index="0"]
transform = Transform3D(-0.91145325, 0.28225094, 0.29931527, -0.32383907, -0.9409355, -0.0988371, 0.25373983, -0.1870151, 0.9490214, 0.28139812, 1.0326004, -0.08899756)

[node name="Hand_R" parent="Rabid (FINAL 2)/Armature_001/Skeleton3D" index="1"]
transform = Transform3D(-0.8850635, -0.15335158, 0.43948546, 0.45542753, -0.09020372, 0.8856916, -0.09617913, 0.984046, 0.14967632, -0.2917375, 1.0347753, 0.091990724)

[node name="Leg_R" parent="Rabid (FINAL 2)/Armature_001/Skeleton3D" index="2"]
transform = Transform3D(-0.30517617, 0.054872688, -0.9507137, -0.4377038, -0.8947172, 0.088860825, -0.845744, 0.44324917, 0.29706445, -0.17202254, 0.42060873, 0.024878684)

[node name="Leg_L" parent="Rabid (FINAL 2)/Armature_001/Skeleton3D" index="3"]
transform = Transform3D(0.19434386, -0.04994365, 0.97966117, -0.41937384, -0.90706104, 0.03695236, 0.8867671, -0.41802567, -0.19722691, 0.18111475, 0.41611147, -0.07419734)

[node name="Hip" parent="Rabid (FINAL 2)/Armature_001/Skeleton3D" index="4"]
transform = Transform3D(0.27018148, 0.0161581, 0.9626738, 0.083830014, -0.99645674, -0.00680237, 0.95915294, 0.082538836, -0.27057877, -5.2620408e-11, 0.62902445, -0.041790847)

[node name="Torso" parent="Rabid (FINAL 2)/Armature_001/Skeleton3D" index="5"]
transform = Transform3D(0.9541227, 0.007849836, 0.29931298, 0.02282098, 0.9948419, -0.098837554, -0.2985449, 0.101133764, 0.94902205, 1.61892e-18, 0.62902445, -0.041790847)

[node name="AnimationPlayer" parent="Rabid (FINAL 2)" index="1"]
speed_scale = 0.6

[node name="AnimationTree" type="AnimationTree" parent="Rabid (FINAL 2)/AnimationPlayer" index="0"]
root_node = NodePath("../..")
tree_root = SubResource("AnimationNodeStateMachine_vgqql")
advance_expression_base_node = NodePath("../../..")
anim_player = NodePath("..")
parameters/conditions/idle = false
parameters/conditions/is_shooting = false
parameters/conditions/run = false

[editable path="Rabid (FINAL 2)"]
