[gd_scene load_steps=30 format=3 uid="uid://ojkg1br2vbk0"]

[ext_resource type="Script" uid="uid://236whjmqsbeo" path="res://Scripts/player_testing.gd" id="1_6t5aa"]
[ext_resource type="Script" uid="uid://byjvw6ylr1l0" path="res://Scripts/camera_controller.gd" id="2_6t5aa"]
[ext_resource type="PackedScene" uid="uid://c0m12ftik23mt" path="res://Rabid (FINAL 2).glb" id="3_6t5aa"]

[sub_resource type="CapsuleShape3D" id="CapsuleShape3D_b6fju"]
radius = 0.5839844
height = 3.3

[sub_resource type="SphereShape3D" id="SphereShape3D_b6fju"]
radius = 0.1

[sub_resource type="AnimationNodeAnimation" id="AnimationNodeAnimation_vgqql"]
animation = &"Dash"

[sub_resource type="AnimationNodeAnimation" id="AnimationNodeAnimation_fkybt"]
animation = &"Jump"

[sub_resource type="AnimationNodeAnimation" id="AnimationNodeAnimation_x3wgy"]
animation = &"Run"

[sub_resource type="AnimationNodeAnimation" id="AnimationNodeAnimation_3smsa"]
animation = &"Shoot"

[sub_resource type="AnimationNodeAnimation" id="AnimationNodeAnimation_8erm5"]
animation = &"Throw Grenade"

[sub_resource type="AnimationNodeAnimation" id="AnimationNodeAnimation_6t5aa"]
animation = &"idle"

[sub_resource type="AnimationNodeStateMachineTransition" id="AnimationNodeStateMachineTransition_3smsa"]
advance_mode = 2

[sub_resource type="AnimationNodeStateMachineTransition" id="AnimationNodeStateMachineTransition_8erm5"]
xfade_time = 0.1
advance_mode = 2
advance_expression = "velocity.length() > 0"

[sub_resource type="AnimationNodeStateMachineTransition" id="AnimationNodeStateMachineTransition_f1ek2"]
xfade_time = 0.1
advance_mode = 2
advance_expression = "velocity.length() == 0"

[sub_resource type="AnimationNodeStateMachineTransition" id="AnimationNodeStateMachineTransition_6t5aa"]
xfade_time = 0.1
advance_mode = 2
advance_expression = "not is_on_floor()"

[sub_resource type="AnimationNodeStateMachineTransition" id="AnimationNodeStateMachineTransition_vgqql"]
xfade_time = 0.1
advance_mode = 2
advance_expression = "is_on_floor() and velocity.length () == 0"

[sub_resource type="AnimationNodeStateMachineTransition" id="AnimationNodeStateMachineTransition_fkybt"]
xfade_time = 0.1
advance_mode = 2
advance_expression = "is_on_floor() and velocity.length () > 0"

[sub_resource type="AnimationNodeStateMachineTransition" id="AnimationNodeStateMachineTransition_x3wgy"]
xfade_time = 0.1
advance_mode = 2
advance_expression = "not is_on_floor()"

[sub_resource type="AnimationNodeStateMachineTransition" id="AnimationNodeStateMachineTransition_tx1dd"]
advance_mode = 2
advance_expression = "velocity.length() > 10"

[sub_resource type="AnimationNodeStateMachineTransition" id="AnimationNodeStateMachineTransition_gymyn"]
advance_mode = 2
advance_expression = "velocity.length() < 10"

[sub_resource type="AnimationNodeStateMachineTransition" id="AnimationNodeStateMachineTransition_pu2lt"]
advance_mode = 2
advance_expression = "is_on_floor() and velocity.length () > 10"

[sub_resource type="AnimationNodeStateMachineTransition" id="AnimationNodeStateMachineTransition_ukyrk"]
advance_mode = 2
advance_expression = "not is_on_floor()"

[sub_resource type="AnimationNodeStateMachineTransition" id="AnimationNodeStateMachineTransition_7dp3o"]
xfade_time = 0.1
advance_mode = 2

[sub_resource type="AnimationNodeStateMachineTransition" id="AnimationNodeStateMachineTransition_h4iuc"]
xfade_time = 0.1
advance_mode = 2

[sub_resource type="AnimationNodeStateMachineTransition" id="AnimationNodeStateMachineTransition_fd4e3"]
xfade_time = 0.1
advance_mode = 2

[sub_resource type="AnimationNodeStateMachineTransition" id="AnimationNodeStateMachineTransition_qqcod"]
xfade_time = 0.1
advance_mode = 2

[sub_resource type="AnimationNodeStateMachine" id="AnimationNodeStateMachine_vgqql"]
states/Dash/node = SubResource("AnimationNodeAnimation_vgqql")
states/Dash/position = Vector2(677, 100)
states/Jump/node = SubResource("AnimationNodeAnimation_fkybt")
states/Jump/position = Vector2(484, 293)
states/Run/node = SubResource("AnimationNodeAnimation_x3wgy")
states/Run/position = Vector2(576, 100)
states/Shoot/node = SubResource("AnimationNodeAnimation_3smsa")
states/Shoot/position = Vector2(410, -8)
"states/Throw Grenade/node" = SubResource("AnimationNodeAnimation_8erm5")
"states/Throw Grenade/position" = Vector2(565, -8)
states/idle/node = SubResource("AnimationNodeAnimation_6t5aa")
states/idle/position = Vector2(351, 100)
transitions = ["Start", "idle", SubResource("AnimationNodeStateMachineTransition_3smsa"), "idle", "Run", SubResource("AnimationNodeStateMachineTransition_8erm5"), "Run", "idle", SubResource("AnimationNodeStateMachineTransition_f1ek2"), "idle", "Jump", SubResource("AnimationNodeStateMachineTransition_6t5aa"), "Jump", "idle", SubResource("AnimationNodeStateMachineTransition_vgqql"), "Jump", "Run", SubResource("AnimationNodeStateMachineTransition_fkybt"), "Run", "Jump", SubResource("AnimationNodeStateMachineTransition_x3wgy"), "Run", "Dash", SubResource("AnimationNodeStateMachineTransition_tx1dd"), "Dash", "Run", SubResource("AnimationNodeStateMachineTransition_gymyn"), "Jump", "Dash", SubResource("AnimationNodeStateMachineTransition_pu2lt"), "Dash", "Jump", SubResource("AnimationNodeStateMachineTransition_ukyrk"), "idle", "Shoot", SubResource("AnimationNodeStateMachineTransition_7dp3o"), "Run", "Shoot", SubResource("AnimationNodeStateMachineTransition_h4iuc"), "idle", "Throw Grenade", SubResource("AnimationNodeStateMachineTransition_fd4e3"), "Run", "Throw Grenade", SubResource("AnimationNodeStateMachineTransition_qqcod")]
graph_offset = Vector2(93, -83)

[sub_resource type="AnimationNodeBlendSpace2D" id="AnimationNodeBlendSpace2D_6t5aa"]

[sub_resource type="AnimationNodeBlendTree" id="AnimationNodeBlendTree_vgqql"]
graph_offset = Vector2(-464.08948, 14.873947)
nodes/BlendSpace2D/node = SubResource("AnimationNodeBlendSpace2D_6t5aa")
nodes/BlendSpace2D/position = Vector2(-20, 100)

[node name="Player" type="CharacterBody3D"]
script = ExtResource("1_6t5aa")

[node name="CollisionShape3D" type="CollisionShape3D" parent="."]
transform = Transform3D(1, 0, 0, 0, 1, 0, 0, 0, 1, 0, 0.6386531, 0)
shape = SubResource("CapsuleShape3D_b6fju")

[node name="SpringArm3D" type="SpringArm3D" parent="."]
transform = Transform3D(1, 0, 0, 0, 1, 0, 0, 0, 1, 0, 0.971219, 0)
shape = SubResource("SphereShape3D_b6fju")
spring_length = 5.0
script = ExtResource("2_6t5aa")

[node name="Camera3D" type="Camera3D" parent="SpringArm3D"]
fov = 60.0
size = 5.0

[node name="Rabid (FINAL 2)" parent="." instance=ExtResource("3_6t5aa")]
transform = Transform3D(1, 0, 0, 0, 1, 0, 0, 0, 1, -0.011286259, -0.937444, -0.015408039)

[node name="Skeleton3D" parent="Rabid (FINAL 2)/Armature_001" index="0"]
bones/0/position = Vector3(0.081502095, 0.6198278, 0.12992257)
bones/0/rotation = Quaternion(0.31182116, -0.4493856, -0.09159924, 0.83212364)
bones/1/rotation = Quaternion(-0.13412082, 0.10588781, 0.06721822, 0.982996)
bones/2/rotation = Quaternion(0.05480464, 0.0018538915, -0.029271215, 0.9980663)
bones/3/position = Vector3(-0.24255474, 1.1011194, -0.0061287847)
bones/3/rotation = Quaternion(-0.04868856, 0.0014279659, 0.03376615, 0.99824214)
bones/4/position = Vector3(0.40943965, 0.46097675, 0.003500659)
bones/4/rotation = Quaternion(0.1935477, 0.41992956, 0.31953144, -0.8271023)
bones/5/position = Vector3(-0.30903354, 0.4148977, -0.00046257084)
bones/5/rotation = Quaternion(0.045462538, 0.1240539, 0.91905004, 0.3713365)
bones/5/scale = Vector3(1.0000011, 0.99999994, 1)
bones/6/rotation = Quaternion(0.8005905, 0.19688126, 0.5569482, 0.1005058)
bones/7/position = Vector3(-2.5261638e-06, 0.21040057, -0.18222323)
bones/7/rotation = Quaternion(0.06507767, 0.9761585, 0.08201672, -0.19013926)
bones/7/scale = Vector3(1, 0.99999994, 0.99999994)
bones/8/position = Vector3(2.5767868e-06, 0.21241029, 0.18457125)
bones/8/rotation = Quaternion(0.25828594, 0.0033292638, -0.22067896, 0.94052017)
bones/8/scale = Vector3(1, 0.9999999, 0.99999994)

[node name="Bone" parent="Rabid (FINAL 2)/Armature_001/Skeleton3D" index="0"]
transform = Transform3D(-0.35528407, 0.3499521, -0.8667798, -0.83773947, 0.29216638, 0.46133846, 0.4146908, 0.89004076, 0.18936636, 0.2569639, 0.8047323, 0.6913281)

[node name="Hand_R" parent="Rabid (FINAL 2)/Armature_001/Skeleton3D" index="1"]
transform = Transform3D(-0.49894693, -0.5109978, -0.69995266, 0.86258566, -0.37079513, -0.3441778, -0.08366507, -0.77549475, 0.6257859, -0.1501851, 1.0810008, 0.16573498)

[node name="Leg_R" parent="Rabid (FINAL 2)/Armature_001/Skeleton3D" index="2"]
transform = Transform3D(0.8266284, -0.0497052, -0.56054884, -0.01650162, -0.99780405, 0.06414309, -0.56250626, -0.04377243, -0.8256335, -0.08353889, 0.45310304, -0.019870639)

[node name="Leg_L" parent="Rabid (FINAL 2)/Armature_001/Skeleton3D" index="3"]
transform = Transform3D(-0.57912606, 0.105962515, 0.8083221, 0.27354783, -0.9087756, 0.31511554, 0.76797414, 0.40360653, 0.49731013, 0.2176061, 0.37779465, 0.17553294)

[node name="Hip" parent="Rabid (FINAL 2)/Armature_001/Skeleton3D" index="4"]
transform = Transform3D(-0.5656232, -0.073001176, 0.82142615, -0.16585118, -0.9656523, -0.20002165, 0.807814, -0.24937138, 0.53408825, 0.081502095, 0.6198278, 0.12992257)

[node name="Torso" parent="Rabid (FINAL 2)/Armature_001/Skeleton3D" index="5"]
transform = Transform3D(0.57932425, -0.1278121, -0.80501395, -0.43269968, 0.7887543, -0.43662077, 0.69076365, 0.6012743, 0.40164024, 0.081502095, 0.6198278, 0.12992257)

[node name="AnimationPlayer" parent="Rabid (FINAL 2)" index="1"]
speed_scale = 0.6

[node name="AnimationTree" type="AnimationTree" parent="Rabid (FINAL 2)/AnimationPlayer" index="0"]
root_node = NodePath("../..")
tree_root = SubResource("AnimationNodeStateMachine_vgqql")
advance_expression_base_node = NodePath("../../..")
anim_player = NodePath("..")

[node name="AnimationTree2" type="AnimationTree" parent="Rabid (FINAL 2)/AnimationPlayer" index="1"]
root_node = NodePath("../..")
tree_root = SubResource("AnimationNodeBlendTree_vgqql")
anim_player = NodePath("..")
parameters/BlendSpace2D/blend_position = Vector2(0, 0)

[editable path="Rabid (FINAL 2)"]
